<?xml version="1.0"?>
<opencv_storage>
<Left_CameraMatrix type_id="opencv-matrix">
  <rows>3</rows>
  <cols>3</cols>
  <dt>d</dt>
  <data>
    4.3228452788462351e+02 0. 3.4472119834359671e+02 0.
    4.3139611232003750e+02 2.4797858854310016e+02 0. 0. 1.</data></Left_CameraMatrix>
<Left_DistCoeffs type_id="opencv-matrix">
  <rows>1</rows>
  <cols>5</cols>
  <dt>d</dt>
  <data>
    -4.1880108174841679e-01 2.2732623857956116e-01
    2.4441630088875388e-03 -2.1090818251907487e-05
    -7.2204074211527608e-02</data></Left_DistCoeffs>
<Left_Rotation_Vector type_id="opencv-matrix">
  <rows>23</rows>
  <cols>1</cols>
  <dt>"3d"</dt>
  <data>
    -4.9687660780766675e-02 -1.0588866946206400e-01
    -1.5680004478086822e+00 -3.6248040801970105e-01
    2.0943690977396356e-01 -1.5237335497441387e+00
    2.6610497810261691e-03 -3.0926364557735597e-01
    -1.6574711288826722e+00 -6.4500693440600354e-01
    -6.4075441892611507e-01 -1.5143638871306579e+00
    6.1185505233913184e-01 5.2323152344666912e-01
    -1.5020857945723485e+00 -3.6818216055663638e-01
    -5.1822557625003884e-01 -1.9354902755738340e-01
    -3.4800941374154259e-01 8.5649974442150612e-01
    7.6166873674710645e-02 -3.7039873710365862e-01
    3.0038340083668874e-01 3.7094690300812833e-01
    -4.6311166479402516e-01 -6.9169210469641917e-02
    3.1972093129165836e-03 -4.7159788246937623e-01
    -1.0905103397870514e-01 -3.2920511339895250e-02
    -3.4635612759487661e-01 -5.2628189615605081e-01
    -2.6934183664426992e-01 -8.2554543372742306e-01
    -4.3518433923154426e-01 -2.3285111096488842e-01
    -6.8390207000182490e-01 -2.0928093241462220e-02
    -4.2551979365256079e-02 -6.8921738776546082e-01
    4.2208344073843113e-01 1.0327196760838056e-01
    -1.2467553070204734e-01 2.1403231589783334e-01
    6.9362239779004131e-01 -1.0661376690722734e-02
    2.4365238051273522e-01 5.5921715745915546e-01
    -5.4946888009124439e-01 5.1812493065703269e-01
    2.2699240773769334e+00 -2.6803340878214360e-01
    4.8646617881777882e-01 2.4067112956672174e+00
    -3.9995681458905363e-01 3.3093552676628346e-01
    1.5509297321528548e+00 3.0719694476233006e-01
    -2.7411936741478254e-01 1.5836041748100327e+00
    -6.1365706713263501e-01 6.5440591147108473e-01
    1.5050498350813104e+00 -7.1968375378437144e-01
    4.3246660221045785e-01 2.3176142869404934e+00 6.7653505998482924e-02
    6.3996786038547504e-01 8.7954139243800711e-01</data></Left_Rotation_Vector>
<Left_Translation_Vector type_id="opencv-matrix">
  <rows>23</rows>
  <cols>1</cols>
  <dt>"3d"</dt>
  <data>
    -3.9069881221896544e+01 2.0732018815065391e+01
    8.2235680820212494e+01 -2.7509220775794990e+01
    1.8246719329095058e+01 1.0043729747907624e+02
    -4.0047429743304285e+01 2.3617775008943454e+01
    6.9864157189112362e+01 -3.8744025405298920e+01
    2.7375767232148814e+01 6.6646086663920812e+01
    -4.0168534231400336e+01 3.9133010201825851e+00
    1.0600917901311642e+02 -6.0353211529556710e+01
    -5.0346515578006205e+01 9.4679528546892826e+01
    2.5194824243314791e+01 -4.3312949548125864e+01
    1.3321770480957645e+02 2.0659560018917407e+01
    -6.3782757550749878e+01 1.1374939936013884e+02
    -3.3630333343479315e+01 -5.8792385805458160e+01
    1.1041323576609766e+02 -1.0912043254826541e+01
    -6.1969709974716928e+01 1.1618816234038587e+02
    -6.6633779238582036e+01 -6.4137866785837971e+01
    9.5372717572853418e+01 -5.8331595497353263e+01
    -2.6242402091264772e+01 1.1587067242313142e+02
    -2.0010494844224418e+01 -4.4058445121720794e+01
    1.1980810888673778e+02 1.4902718207423449e+01
    -3.3345656643225325e+01 1.3191454738152649e+02
    -2.9901395948906533e+01 -4.8779904183240241e+01
    1.0415185586842259e+02 3.1257088825339693e+01
    -4.2580362795711338e+01 1.1777625122308980e+02
    6.1466888774640855e+00 1.3386484369066983e+01 1.2697378213407090e+02
    7.0634971800823308e+01 -2.1898853898419635e+01
    1.1032348082284958e+02 3.6227289308362344e+01
    -6.1646226351259784e+01 1.2287969662657430e+02
    4.0024415873642454e+01 5.6345881931921511e+00 1.0046871699427059e+02
    3.9403757452596039e+01 -1.5590409696642672e+01
    1.0942354609746525e+02 4.1755615972322460e+00
    -9.7191666596648769e+00 1.2235819696768702e+02
    2.2835106252778324e+01 -5.3912674045363133e+01
    1.0911066519859182e+02</data></Left_Translation_Vector>
<Right_CameraMatrix type_id="opencv-matrix">
  <rows>3</rows>
  <cols>3</cols>
  <dt>d</dt>
  <data>
    4.3114155877878926e+02 0. 9.9228343892297949e+02 0.
    4.3065660702832605e+02 2.4749953911953415e+02 0. 0. 1.</data></Right_CameraMatrix>
<Right_DistCoeffs type_id="opencv-matrix">
  <rows>1</rows>
  <cols>5</cols>
  <dt>d</dt>
  <data>
    -4.0256137233911360e-01 1.8479940724192984e-01
    1.8768942423375904e-03 1.0429404877058215e-03
    -4.3738626656696110e-02</data></Right_DistCoeffs>
<Right_Rotation_Vector type_id="opencv-matrix">
  <rows>23</rows>
  <cols>1</cols>
  <dt>"3d"</dt>
  <data>
    -4.5860885223331170e-02 -1.1015095391516917e-01
    -1.5705827499526102e+00 -3.5916972040951106e-01
    2.0418901296485553e-01 -1.5262469052797289e+00
    7.7150636897857549e-03 -3.1074051271595310e-01
    -1.6602731523521677e+00 -6.3930726252620473e-01
    -6.4178923344061578e-01 -1.5200981525387096e+00
    6.1918163652687053e-01 5.1695647648604970e-01
    -1.5016060043549666e+00 -3.6248442239903195e-01
    -5.2194716800838237e-01 -1.9560540966106413e-01
    -3.4786622099674552e-01 8.4934966263717349e-01
    7.4695842059606748e-02 -3.7070447240349452e-01
    2.9805719287231097e-01 3.6840599409266844e-01
    -4.6059729876380806e-01 -7.1849400592065210e-02
    6.4353595258456156e-04 -4.7061858823323399e-01
    -1.1100714367843995e-01 -3.5750270745137133e-02
    -3.4111606849924997e-01 -5.2985626809569841e-01
    -2.7128596812194811e-01 -8.2213606744351608e-01
    -4.3822923122538365e-01 -2.3646429028811333e-01
    -6.8148951043974826e-01 -2.2522354398271376e-02
    -4.6770135268128690e-02 -6.8745302450266499e-01
    4.1821465711343664e-01 9.9524045944103384e-02
    -1.2649049834456161e-01 2.0429478718299740e-01
    6.9148777053697330e-01 -1.4123908526429420e-02
    2.3976603409854327e-01 5.5807823427284176e-01
    -5.5518148056718897e-01 5.1101757795467317e-01
    2.2667730523138516e+00 -2.7380372743833431e-01
    4.8341985024575695e-01 2.4034044443393636e+00
    -4.0407363113833794e-01 3.2704975657005636e-01
    1.5472201231260432e+00 3.0481364465032679e-01
    -2.8367786384119836e-01 1.5827030727588975e+00
    -6.1265758211105159e-01 6.4862905626483125e-01
    1.5011507390915781e+00 -7.2545778479101120e-01
    4.2496635761382623e-01 2.3145611921432634e+00 6.4077958550713118e-02
    6.3301528284513175e-01 8.7807741466702560e-01</data></Right_Rotation_Vector>
