<?xml version="1.0"?>
<opencv_storage>
<leftCameraMatrix type_id="opencv-matrix">
  <rows>3</rows>
  <cols>3</cols>
  <dt>d</dt>
  <data>
    4.3228435020864544e+02 0. 3.4472129113957874e+02 0.
    4.3139592612671396e+02 2.4797866435528707e+02 0. 0. 1.</data></leftCameraMatrix>
<leftCameraDistCoeff type_id="opencv-matrix">
  <rows>1</rows>
  <cols>5</cols>
  <dt>d</dt>
  <data>
    -4.1880058882381849e-01 2.2732515179829074e-01
    2.4441206677235810e-03 -2.1120735303729981e-05
    -7.2203375574667827e-02</data></leftCameraDistCoeff>
<rightCameraMatrix type_id="opencv-matrix">
  <rows>3</rows>
  <cols>3</cols>
  <dt>d</dt>
  <data>
    4.3114149714211459e+02 0. 3.5228348984111926e+02 0.
    4.3065653991310194e+02 2.4749956323525649e+02 0. 0. 1.</data></rightCameraMatrix>
<rightCameraDistCoeff type_id="opencv-matrix">
  <rows>1</rows>
  <cols>5</cols>
  <dt>d</dt>
  <data>
    -4.0256145461873766e-01 1.8479940290397898e-01
    1.8768838543019900e-03 1.0428848617312118e-03
    -4.3738630372721604e-02</data></rightCameraDistCoeff>
<rotationMatrix type_id="opencv-matrix">
  <rows>3</rows>
  <cols>3</cols>
  <dt>d</dt>
  <data>
    9.9996734861394632e-01 1.5529824674940819e-03
    -7.9303184961273948e-03 -1.5659183423295047e-03
    9.9999745323801914e-01 -1.6252437419898460e-03
    7.9277743244570396e-03 1.6376089067225829e-03 9.9996723377885199e-01</data></rotationMatrix>
<translationVertor type_id="opencv-matrix">
  <rows>3</rows>
  <cols>1</cols>
  <dt>d</dt>
  <data>
    -5.9910112828814128e+01 -6.7818776285875804e-01
    2.5731304747788614e-01</data></translationVertor>
<essentialMatrix type_id="opencv-matrix">
  <rows>3</rows>
  <cols>3</cols>
  <dt>d</dt>
  <data>
    -4.9735883127862970e-03 -2.5842299848368744e-01
    -6.7774734478839460e-01 7.3225850010983318e-01
    9.8508937022611529e-02 5.9906109226388466e+01 7.7197996365796628e-01
    -5.9908907038311114e+01 9.1990290997289684e-02</data></essentialMatrix>
<fundamentalMatrix type_id="opencv-matrix">
  <rows>3</rows>
  <cols>3</cols>
  <dt>d</dt>
  <data>
    -9.4360032748088107e-08 -4.9129561071087797e-06
    -4.3076379043952102e-03 1.3908216727111758e-05
    1.8748914747226472e-06 4.8660757330812154e-01 2.9055385865939258e-03
    -4.8978014887432014e-01 1.</data></fundamentalMatrix>
<rectifyR1 type_id="opencv-matrix">
  <rows>3</rows>
  <cols>3</cols>
  <dt>d</dt>
  <data>
    9.9984229120407242e-01 1.2865065439280591e-02
    -1.2242663559603037e-02 -1.2874794057931021e-02
    9.9991685993753798e-01 -7.1616382197003644e-04
    1.2232432209355099e-02 8.7367264868641538e-04 9.9992479932160228e-01</data></rectifyR1>
<rectifyR2 type_id="opencv-matrix">
  <rows>3</rows>
  <cols>3</cols>
  <dt>d</dt>
  <data>
    9.9992671240976838e-01 1.1319258604126695e-02
    -4.2946704233356066e-03 -1.1315840918424861e-02
    9.9993563820423403e-01 8.1926393805947708e-04 4.3036674710148666e-03
    -7.7060608887216024e-04 9.9999044226060219e-01</data></rectifyR2>
<rectifyP1 type_id="opencv-matrix">
  <rows>3</rows>
  <cols>4</cols>
  <dt>d</dt>
  <data>
    1.0396080572040428e+02 0. 2.2261605072021484e+02 0. 0.
    1.0396080572040428e+02 1.9138204193115234e+02 0. 0. 0. 1. 0.</data></rectifyP1>
<rectifyP2 type_id="opencv-matrix">
  <rows>3</rows>
  <cols>4</cols>
  <dt>d</dt>
  <data>
    1.0396080572040428e+02 0. 2.2261605072021484e+02
    -6.2287600913010674e+03 0. 1.0396080572040428e+02
    1.9138204193115234e+02 0. 0. 0. 1. 0.</data></rectifyP2>
<rectifyQ type_id="opencv-matrix">
  <rows>4</rows>
  <cols>4</cols>
  <dt>d</dt>
  <data>
    1. 0. 0. -2.2261605072021484e+02 0. 1. 0. -1.9138204193115234e+02 0.
    0. 0. 1.0396080572040428e+02 0. 0. 1.6690449495011597e-02 0.</data></rectifyQ>
</opencv_storage>
