<?xml version="1.0"?>
<opencv_storage>
<leftCameraMatrix type_id="opencv-matrix">
  <rows>3</rows>
  <cols>3</cols>
  <dt>d</dt>
  <data>
    5.7889600073944439e+02 0. 3.4681018857257175e+02 0.
    5.7668180644686322e+02 2.6427404819422651e+02 0. 0. 1.</data></leftCameraMatrix>
<leftCameraDistCoeff type_id="opencv-matrix">
  <rows>1</rows>
  <cols>5</cols>
  <dt>d</dt>
  <data>
    5.3579633042900997e-02 7.0735147944064269e-02
    -1.2839183063368565e-03 5.6027564399588803e-04
    -3.4914922587070535e-01</data></leftCameraDistCoeff>
<rightCameraMatrix type_id="opencv-matrix">
  <rows>3</rows>
  <cols>3</cols>
  <dt>d</dt>
  <data>
    5.8491707251712614e+02 0. 3.3706087843078120e+02 0.
    5.8288369232631828e+02 2.6365029187025743e+02 0. 0. 1.</data></rightCameraMatrix>
<rightCameraDistCoeff type_id="opencv-matrix">
  <rows>1</rows>
  <cols>5</cols>
  <dt>d</dt>
  <data>
    6.3345593159733773e-02 3.4536269158100430e-02
    -7.8168319181807990e-04 1.3578021379629193e-03
    -2.7942700240027479e-01</data></rightCameraDistCoeff>
<rotationMatrix type_id="opencv-matrix">
  <rows>3</rows>
  <cols>3</cols>
  <dt>d</dt>
  <data>
    9.9998181150173360e-01 -1.9883826801641024e-04
    6.0280286209167004e-03 1.7406910048167257e-04 9.9999154186334338e-01
    4.1092458823197139e-03 -6.0287947103609503e-03
    -4.1081218477883848e-03 9.9997338813051617e-01</data></rotationMatrix>
<translationVertor type_id="opencv-matrix">
  <rows>3</rows>
  <cols>1</cols>
  <dt>d</dt>
  <data>
    -5.9959917833284585e+01 -1.0137674901014098e+00
    3.7890942472374753e+00</data></translationVertor>
<essentialMatrix type_id="opencv-matrix">
  <rows>3</rows>
  <cols>3</cols>
  <dt>d</dt>
  <data>
    5.4522318546023690e-03 -3.7848975181858644e+00
    -1.0293108317864581e+00 3.4275392938363449e+00
    -2.4707606537998444e-01 5.9981162956346644e+01
    1.0033118822309788e+00 -5.9959612259877538e+01
    -2.4027902601536688e-01</data></essentialMatrix>
<fundamentalMatrix type_id="opencv-matrix">
  <rows>3</rows>
  <cols>3</cols>
  <dt>d</dt>
  <data>
    -7.4976759052771261e-07 5.2248132457182448e-04
    -5.5877571017933760e-02 -4.7298479843922985e-04
    3.4226281374138203e-05 -4.6366049289861415e+00
    4.4253612743888435e-02 4.6562547785071109e+00 1.</data></fundamentalMatrix>
<rectifyR1 type_id="opencv-matrix">
  <rows>3</rows>
  <cols>3</cols>
  <dt>d</dt>
  <data>
    9.9823214193682364e-01 1.6931856401388817e-02
    -5.6972827233899230e-02 -1.6816077421829074e-02
    9.9985544671357496e-01 2.5110191836800553e-03 5.7007107840724831e-02
    -1.5485205844636546e-03 9.9837257160823245e-01</data></rectifyR1>
<rectifyR2 type_id="opencv-matrix">
  <rows>3</rows>
  <cols>3</cols>
  <dt>d</dt>
  <data>
    9.9786718505905958e-01 1.6871359204737479e-02
    -6.3059005866673595e-02 -1.6999444592418107e-02
    9.9985438103534030e-01 -1.4951949658924464e-03
    6.3024597308176125e-02 2.5639740680130575e-03 9.9800868040870294e-01</data></rectifyR2>
<rectifyP1 type_id="opencv-matrix">
  <rows>3</rows>
  <cols>4</cols>
  <dt>d</dt>
  <data>
    5.3778734326181484e+02 0. 3.9008748054504395e+02 0. 0.
    5.3778734326181484e+02 2.6367872428894043e+02 0. 0. 0. 1. 0.</data></rectifyP1>
<rectifyP2 type_id="opencv-matrix">
  <rows>3</rows>
  <cols>4</cols>
  <dt>d</dt>
  <data>
    5.3778734326181484e+02 0. 3.9008748054504395e+02
    -3.2314605988221105e+04 0. 5.3778734326181484e+02
    2.6367872428894043e+02 0. 0. 0. 1. 0.</data></rectifyP2>
<rectifyQ type_id="opencv-matrix">
  <rows>4</rows>
  <cols>4</cols>
  <dt>d</dt>
  <data>
    1. 0. 0. -3.9008748054504395e+02 0. 1. 0. -2.6367872428894043e+02 0.
    0. 0. 5.3778734326181484e+02 0. 0. 1.6642237366528374e-02 0.</data></rectifyQ>
</opencv_storage>
