<?xml version="1.0"?>
<opencv_storage>
<Size>
  640 480</Size>
<matCamMat1 type_id="opencv-matrix">
  <rows>3</rows>
  <cols>3</cols>
  <dt>d</dt>
  <data>
    4.2302493109427951e+02 0. 3.3215339764516028e+02 0.
    4.2157179376550602e+02 2.5332725121955272e+02 0. 0. 1.</data></matCamMat1>
<matDistCoffs1 type_id="opencv-matrix">
  <rows>1</rows>
  <cols>5</cols>
  <dt>d</dt>
  <data>
    2.9985289741615937e-02 -6.9038962349492056e-02
    3.5531025164682947e-04 -1.5865301541222946e-03
    4.0273708570019745e-02</data></matDistCoffs1>
<matCamMat2 type_id="opencv-matrix">
  <rows>3</rows>
  <cols>3</cols>
  <dt>d</dt>
  <data>
    4.2135493699113101e+02 0. 3.3999434061876985e+02 0.
    4.2029890047124093e+02 2.6708282890105920e+02 0. 0. 1.</data></matCamMat2>
<matDistCoffs2 type_id="opencv-matrix">
  <rows>1</rows>
  <cols>5</cols>
  <dt>d</dt>
  <data>
    1.5257347604358842e-02 -4.2766819992248989e-02
    1.8442032779657335e-03 -2.7683507762358778e-03
    1.6931712898821592e-02</data></matDistCoffs2>
<matR type_id="opencv-matrix">
  <rows>3</rows>
  <cols>3</cols>
  <dt>d</dt>
  <data>
    9.9989675508583575e-01 -2.0332021801402465e-03
    1.4224811341835600e-02 2.0677640291272103e-03 9.9999494507930120e-01
    -2.4154021953177204e-03 -1.4219828435532876e-02
    2.4445663705391610e-03 9.9989590486936386e-01</data></matR>
<matT type_id="opencv-matrix">
  <rows>3</rows>
  <cols>1</cols>
  <dt>d</dt>
  <data>
    -5.9971674722896132e+01 1.7951814646906353e-01
    -1.9637854567431323e+00</data></matT>
</opencv_storage>
