<?xml version="1.0"?>
<opencv_storage>
<leftCameraMatrix type_id="opencv-matrix">
  <rows>3</rows>
  <cols>3</cols>
  <dt>d</dt>
  <data>
    8.5029781575734330e+02 0. 6.7031011067981285e+02 0.
    8.5142571606152683e+02 5.0056205861460080e+02 0. 0. 1.</data></leftCameraMatrix>
<leftCameraDistCoeff type_id="opencv-matrix">
  <rows>1</rows>
  <cols>5</cols>
  <dt>d</dt>
  <data>
    3.6096039135286910e-02 1.5563016501635989e-02
    -2.9442293947634776e-03 1.1045753287525009e-03
    -1.1048597912704262e-01</data></leftCameraDistCoeff>
<rightCameraMatrix type_id="opencv-matrix">
  <rows>3</rows>
  <cols>3</cols>
  <dt>d</dt>
  <data>
    8.5255983026905881e+02 0. 6.9043507226620682e+02 0.
    8.5458930346214061e+02 5.2502090242383065e+02 0. 0. 1.</data></rightCameraMatrix>
<rightCameraDistCoeff type_id="opencv-matrix">
  <rows>1</rows>
  <cols>5</cols>
  <dt>d</dt>
  <data>
    4.6211147114715724e-02 -9.6735810386885099e-02
    -1.4253126077181601e-03 4.1198671660753610e-04
    1.2281700996827032e-01</data></rightCameraDistCoeff>
<rotationMatrix type_id="opencv-matrix">
  <rows>3</rows>
  <cols>3</cols>
  <dt>d</dt>
  <data>
    9.9991376540198518e-01 -8.4971989056439184e-04
    1.3104950809954944e-02 9.5536900357917642e-04 9.9996708048189908e-01
    -8.0576189146723456e-03 -1.3097672682227161e-02
    8.0694441329415400e-03 9.9988166051873095e-01</data></rotationMatrix>
<translationVector type_id="opencv-matrix">
  <rows>3</rows>
  <cols>1</cols>
  <dt>d</dt>
  <data>
    -6.0114373392532400e+01 -3.4697106064396760e-01
    6.4335388079150124e-01</data></translationVector>
<essentialMatrix type_id="opencv-matrix">
  <rows>3</rows>
  <cols>3</cols>
  <dt>d</dt>
  <data>
    3.9298730264793053e-03 -6.4613256548139120e-01
    -3.4174609986994214e-01 -1.4405998476436502e-01
    4.8454290708864728e-01 6.0115690609729484e+01 2.8950973072521996e-01
    -6.0112689284541055e+01 4.8892575077356210e-01</data></essentialMatrix>
<fundamentalMatrix type_id="opencv-matrix">
  <rows>3</rows>
  <cols>3</cols>
  <dt>d</dt>
  <data>
    -4.3233371609628761e-09 7.0988257788580173e-07
    -3.2762491162084917e-05 1.5810709727415024e-07
    -5.3108561921355936e-07 -5.5940661832479983e-02
    -3.5156129934051133e-04 5.6094863386186321e-02 1.</data></fundamentalMatrix>
<rectifyR1 type_id="opencv-matrix">
  <rows>3</rows>
  <cols>3</cols>
  <dt>d</dt>
  <data>
    9.9998553161485426e-01 4.8352207359331524e-03 2.3573717127682351e-03
    -4.8256378019807915e-03 9.9998013906437833e-01
    -4.0539729390656970e-03 -2.3769267471782920e-03
    4.0425384625733920e-03 9.9998900399055246e-01</data></rectifyR1>
<rectifyR2 type_id="opencv-matrix">
  <rows>3</rows>
  <cols>3</cols>
  <dt>d</dt>
  <data>
    9.9992608292161689e-01 5.7714219408268284e-03
    -1.0701372893825280e-02 -5.7280517953279776e-03
    9.9997527530434482e-01 4.0789952966288449e-03 1.0724649908588882e-02
    -4.0173957709968271e-03 9.9993441905734870e-01</data></rectifyR2>
<rectifyP1 type_id="opencv-matrix">
  <rows>3</rows>
  <cols>4</cols>
  <dt>d</dt>
  <data>
    7.4911730666334620e+02 0. 7.0047492218017578e+02 0. 0.
    7.4911730666334620e+02 5.1300707244873047e+02 0. 0. 0. 1. 0.</data></rectifyP1>
<rectifyP2 type_id="opencv-matrix">
  <rows>3</rows>
  <cols>4</cols>
  <dt>d</dt>
  <data>
    7.4911730666334620e+02 0. 7.0047492218017578e+02
    -4.5036046420541927e+04 0. 7.4911730666334620e+02
    5.1300707244873047e+02 0. 0. 0. 1. 0.</data></rectifyP2>
<rectifyQ type_id="opencv-matrix">
  <rows>4</rows>
  <cols>4</cols>
  <dt>d</dt>
  <data>
    1. 0. 0. -7.0047492218017578e+02 0. 1. 0. -5.1300707244873047e+02 0.
    0. 0. 7.4911730666334620e+02 0. 0. 1.6633727118676594e-02 0.</data></rectifyQ>
</opencv_storage>
