<?xml version="1.0"?>
<opencv_storage>
<cameraMatrix_left type_id="opencv-matrix">
  <rows>3</rows>
  <cols>3</cols>
  <dt>d</dt>
  <data>
    4.3228452864334560e+02 0. 3.4472119912119564e+02 0.
    4.3139611306494891e+02 2.4797858729697327e+02 0. 0. 1.</data></cameraMatrix_left>
<distCoeffs_left type_id="opencv-matrix">
  <rows>1</rows>
  <cols>5</cols>
  <dt>d</dt>
  <data>
    -4.1880107892575502e-01 2.2732623142238598e-01
    2.4441634562598837e-03 -2.1090759146112773e-05
    -7.2204070035356241e-02</data></distCoeffs_left>
<cameraMatrix_right type_id="opencv-matrix">
  <rows>3</rows>
  <cols>3</cols>
  <dt>d</dt>
  <data>
    4.3114155773364200e+02 0. 9.9228344099643925e+02 0.
    4.3065660602973321e+02 2.4749953840073809e+02 0. 0. 1.</data></cameraMatrix_right>
<distCoeffs_right type_id="opencv-matrix">
  <rows>1</rows>
  <cols>5</cols>
  <dt>d</dt>
  <data>
    -4.0256136599671272e-01 1.8479939926175235e-01
    1.8768939586245861e-03 1.0429403313849297e-03
    -4.3738623506377527e-02</data></distCoeffs_right>
<Rotation_Matrix type_id="opencv-matrix">
  <rows>3</rows>
  <cols>3</cols>
  <dt>d</dt>
  <data>
    9.9996734789470210e-01 1.5529959319460461e-03
    -7.9304065514462854e-03 -1.5659324516937049e-03
    9.9999745311336297e-01 -1.6253068461664724e-03
    7.9278622586795543e-03 1.6376722574502184e-03 9.9996723297795342e-01</data></Rotation_Matrix>
<Translation_Vector type_id="opencv-matrix">
  <rows>3</rows>
  <cols>1</cols>
  <dt>d</dt>
  <data>
    -5.8140618243544090e+01 -6.5816904654166297e-01
    2.4965954070220053e-01</data></Translation_Vector>
<Translation_Vector type_id="opencv-matrix">
  <rows>3</rows>
  <cols>3</cols>
  <dt>d</dt>
  <data>
    -4.8269235672482357e-03 -2.5073677003588624e-01
    -6.5774170694129053e-01 7.1058220186187804e-01
    9.5602997779538235e-02 5.8136733246967083e+01 7.4919183680575219e-01
    -5.8139448032128605e+01 8.9276796752930349e-02</data></Translation_Vector>
<Translation_Vector type_id="opencv-matrix">
  <rows>3</rows>
  <cols>3</cols>
  <dt>d</dt>
  <data>
    -2.5116427740195188e-08 -1.3073712806018823e-06
    -1.1466334145939915e-03 3.7016090401117525e-06
    4.9904671018470902e-07 1.2951737297618074e-01 7.8951545125287856e-04
    -1.2952506228957172e-01 1.</data></Translation_Vector>
<Rotation_Matrix_1 type_id="opencv-matrix">
  <rows>3</rows>
  <cols>3</cols>
  <dt>d</dt>
  <data>
    9.9984229851874329e-01 1.2865288576735783e-02
    -1.2241831668235434e-02 -1.2875016908349742e-02
    9.9991685704334032e-01 -7.1619842066550875e-04
    1.2231599746795541e-02 8.7369926483141203e-04 9.9992480948180740e-01</data></Rotation_Matrix_1>
<Rotation_Matrix_2 type_id="opencv-matrix">
  <rows>3</rows>
  <cols>3</cols>
  <dt>d</dt>
  <data>
    9.9992671400561717e-01 1.1319467041300596e-02
    -4.2937493906377387e-03 -1.1316049956024875e-02
    9.9993563581744827e-01 8.1928978293018212e-04 4.3027469506632778e-03
    -7.7064145786063100e-04 9.9999044619457333e-01</data></Rotation_Matrix_2>
<Projection_Matrix_1 type_id="opencv-matrix">
  <rows>3</rows>
  <cols>4</cols>
  <dt>d</dt>
  <data>
    -4.2867249735269939e+02 0. 6.7090262985229492e+02 0. 0.
    -4.2867249735269939e+02 2.5045711326599121e+02 0. 0. 0. 1. 0.</data></Projection_Matrix_1>
<Projection_Matrix_2 type_id="opencv-matrix">
  <rows>3</rows>
  <cols>4</cols>
  <dt>d</dt>
  <data>
    -4.2867249735269939e+02 0. 6.7090262985229492e+02
    2.4925110681611364e+04 0. -4.2867249735269939e+02
    2.5045711326599121e+02 0. 0. 0. 1. 0.</data></Projection_Matrix_2>
<disparity-to-depth_mapping_matrix type_id="opencv-matrix">
  <rows>4</rows>
  <cols>4</cols>
  <dt>d</dt>
  <data>
    1. 0. 0. -6.7090262985229492e+02 0. 1. 0. -2.5045711326599121e+02 0.
    0. 0. -4.2867249735269939e+02 0. 0. 1.7198419009186380e-02 0.</data></disparity-to-depth_mapping_matrix>
</opencv_storage>
