<?xml version="1.0"?>
<opencv_storage>
<cameraMatrix_left type_id="opencv-matrix">
  <rows>3</rows>
  <cols>3</cols>
  <dt>d</dt>
  <data>
    4.3228452794946435e+02 0. 3.4472119836874111e+02 0.
    4.3139611235455544e+02 2.4797858825189556e+02 0. 0. 1.</data></cameraMatrix_left>
<distCoeffs_left type_id="opencv-matrix">
  <rows>1</rows>
  <cols>5</cols>
  <dt>d</dt>
  <data>
    -4.1880108083857776e-01 2.2732623630306006e-01
    2.4441631458740924e-03 -2.1090818801563101e-05
    -7.2204072632616162e-02</data></distCoeffs_left>
<cameraMatrix_right type_id="opencv-matrix">
  <rows>3</rows>
  <cols>3</cols>
  <dt>d</dt>
  <data>
    4.3114153931057473e+02 0. 9.9228346768176652e+02 0.
    4.3065658725807992e+02 2.4749956609315231e+02 0. 0. 1.</data></cameraMatrix_right>
<distCoeffs_right type_id="opencv-matrix">
  <rows>1</rows>
  <cols>5</cols>
  <dt>d</dt>
  <data>
    -4.0256140622545417e-01 1.8479943483037012e-01
    1.8768832961239001e-03 1.0429214028954423e-03
    -4.3738647271312790e-02</data></distCoeffs_right>
<Translation_Vector type_id="opencv-matrix">
  <rows>3</rows>
  <cols>1</cols>
  <dt>d</dt>
  <data>
    -5.8140618911673151e+01 -6.5816931668858047e-01
    2.4964664938440351e-01</data></Translation_Vector>
</opencv_storage>
