<?xml version="1.0"?>
<opencv_storage>
<Size>
  640 480</Size>
<C_LEFT type_id="opencv-matrix">
  <rows>3</rows>
  <cols>3</cols>
  <dt>d</dt>
  <data>
    6.9203397167629669e+02 0. 3.1950000000000000e+02 0.
    7.3441316472029860e+02 2.3950000000000000e+02 0. 0. 1.</data></C_LEFT>
<D_LEFT type_id="opencv-matrix">
  <rows>1</rows>
  <cols>5</cols>
  <dt>d</dt>
  <data>
    -6.0523337224491303e-01 1.5439027775720531e+00
    2.1359455109317627e-02 -6.4496646050561717e-03
    -4.3621398725947040e+00</data></D_LEFT>
<C_RIGHT type_id="opencv-matrix">
  <rows>3</rows>
  <cols>3</cols>
  <dt>d</dt>
  <data>
    5.5169536238733679e+02 0. 3.1950000000000000e+02 0.
    6.8356150448088363e+02 2.3950000000000000e+02 0. 0. 1.</data></C_RIGHT>
<D_RIGHT type_id="opencv-matrix">
  <rows>1</rows>
  <cols>5</cols>
  <dt>d</dt>
  <data>
    -2.6125281055140048e-01 3.6634436965937836e-02
    -6.7641069384655780e-04 5.4507380449207256e-02
    -2.4838786411537131e-03</data></D_RIGHT>
<R type_id="opencv-matrix">
  <rows>3</rows>
  <cols>3</cols>
  <dt>d</dt>
  <data>
    5.5554106058123509e-01 -1.2394691727850734e-02
    8.3139671735294218e-01 7.8733638186064478e-03 9.9992247823357761e-01
    9.6461217802940365e-03 -8.3145182671665130e-01
    1.1870721089945243e-03 5.5559558197429149e-01</data></R>
<T type_id="opencv-matrix">
  <rows>3</rows>
  <cols>1</cols>
  <dt>d</dt>
  <data>
    3.1120344312657089e+01 -3.2621517694051714e+00
    1.0919379572754939e+02</data></T>
<E type_id="opencv-matrix">
  <rows>3</rows>
  <cols>3</cols>
  <dt>d</dt>
  <data>
    1.8525995672012954e+00 -1.0918920324100299e+02
    -2.8657337620516228e+00 8.6536704214183402e+01
    -1.3903655293927408e+00 7.3493037513561234e+01
    2.0572810466861506e+00 3.1077498443043059e+01 3.0123329036751225e+00</data></E>
<F type_id="opencv-matrix">
  <rows>3</rows>
  <cols>3</cols>
  <dt>d</dt>
  <data>
    -1.2620288981252411e-07 7.0089731995099655e-06
    -1.5032286121469971e-03 -4.7578399484412466e-06
    7.2031992931855227e-08 -1.2934174631542706e-03
    1.1025064752679821e-03 -3.3571947288339918e-03 1.</data></F>
<R1 type_id="opencv-matrix">
  <rows>3</rows>
  <cols>3</cols>
  <dt>d</dt>
  <data>
    6.4730389770447661e-01 3.0971423399154093e-02
    -7.6160254394876004e-01 -3.4457359292565867e-02
    9.9934168055029671e-01 1.1353233261581283e-02 7.6145279197542881e-01
    1.8893820353204936e-02 6.4794495842261590e-01</data></R1>
<R2 type_id="opencv-matrix">
  <rows>3</rows>
  <cols>3</cols>
  <dt>d</dt>
  <data>
    -2.7397384236294220e-01 2.8718970640421452e-02
    -9.6130825151261468e-01 -2.2089969122413008e-02
    9.9910242916266345e-01 3.6143731205230983e-02 9.6148342001568421e-01
    3.1137706508665007e-02 -2.7309353025716976e-01</data></R2>
<P1>P2</P1>
<Q type_id="opencv-matrix">
  <rows>4</rows>
  <cols>4</cols>
  <dt>d</dt>
  <data>
    1. 0. 0. -1.6252248878479004e+03 0. 1. 0. -2.3279533958435059e+02 0.
    0. 0. -3.1865227261946015e+03 0. 0. 8.8036893040258912e-03 0.</data></Q>
</opencv_storage>
