<?xml version="1.0"?>
<opencv_storage>
<Size>
  480 640</Size>
<C_LEFT type_id="opencv-matrix">
  <rows>3</rows>
  <cols>3</cols>
  <dt>d</dt>
  <data>
    6.9344778156086818e+02 0. 7.6750858844313655e+01 0.
    1.1944039880245941e+03 9.9095580220752765e+01 0. 0. 1.</data></C_LEFT>
<D_LEFT type_id="opencv-matrix">
  <rows>1</rows>
  <cols>5</cols>
  <dt>d</dt>
  <data>
    -3.9437064017082397e+00 4.1394793971910548e+00
    1.8868180288881548e-01 7.4593603489506721e-01
    -3.9230503092498665e+00</data></D_LEFT>
<C_RIGHT type_id="opencv-matrix">
  <rows>3</rows>
  <cols>3</cols>
  <dt>d</dt>
  <data>
    1.6043107105326430e+03 0. 4.8263474825959480e+02 0.
    1.3914053014240721e+03 2.1470749036820814e+02 0. 0. 1.</data></C_RIGHT>
<D_RIGHT type_id="opencv-matrix">
  <rows>1</rows>
  <cols>5</cols>
  <dt>d</dt>
  <data>
    1.0501768918965151e+00 1.4396091779440519e+00 1.1461989186337096e-01
    -4.1766999957637385e-01 -3.1832710966827618e+00</data></D_RIGHT>
<R type_id="opencv-matrix">
  <rows>3</rows>
  <cols>3</cols>
  <dt>d</dt>
  <data>
    9.5503422893794898e-01 9.7357038516267619e-02 2.8005575981978875e-01
    -4.7597271168835921e-02 9.8264473248105055e-01
    -1.7928700316678009e-01 -2.9265016886066803e-01
    1.5789533488544460e-01 9.4309328376743085e-01</data></R>
<T type_id="opencv-matrix">
  <rows>3</rows>
  <cols>1</cols>
  <dt>d</dt>
  <data>
    -1.0223856341619357e+02 5.6877933920695369e+01
    9.3426305097177419e+01</data></T>
</opencv_storage>
