<?xml version="1.0"?>
<opencv_storage>
<Size>
  640 480</Size>
<C_LEFT type_id="opencv-matrix">
  <rows>3</rows>
  <cols>3</cols>
  <dt>d</dt>
  <data>
    4.3707802295420572e+02 0. 3.1950000000000000e+02 0.
    4.3553183606412802e+02 2.3950000000000000e+02 0. 0. 1.</data></C_LEFT>
<D_LEFT type_id="opencv-matrix">
  <rows>1</rows>
  <cols>5</cols>
  <dt>d</dt>
  <data>
    -4.2503171131963557e-01 2.3975469354988679e-01
    6.0465897716233674e-03 5.1047696228163734e-03
    -8.3837785824970742e-02</data></D_LEFT>
<C_RIGHT type_id="opencv-matrix">
  <rows>3</rows>
  <cols>3</cols>
  <dt>d</dt>
  <data>
    4.3509821075530493e+02 0. 3.1950000000000000e+02 0.
    4.3696586664997250e+02 2.3950000000000000e+02 0. 0. 1.</data></C_RIGHT>
<D_RIGHT type_id="opencv-matrix">
  <rows>1</rows>
  <cols>5</cols>
  <dt>d</dt>
  <data>
    -4.1477833448750001e-01 2.2500830799961175e-01
    6.6476527040250019e-03 9.6119073596204821e-03
    -6.5975097317507184e-02</data></D_RIGHT>
<R type_id="opencv-matrix">
  <rows>3</rows>
  <cols>3</cols>
  <dt>d</dt>
  <data>
    9.9996018704330969e-01 2.0309937941276300e-03 8.6890386417188773e-03
    -2.0078389303104733e-03 9.9999441253314403e-01
    -2.6727299381001744e-03 -8.6944183899211134e-03
    2.6551773387670967e-03 9.9995867770731439e-01</data></R>
<T type_id="opencv-matrix">
  <rows>3</rows>
  <cols>1</cols>
  <dt>d</dt>
  <data>
    -5.7771065404256412e+01 -6.0068392983825991e-01
    4.4430170190692753e+00</data></T>
<E type_id="opencv-matrix">
  <rows>3</rows>
  <cols>3</cols>
  <dt>d</dt>
  <data>
    1.4143459945035131e-02 -4.4445871162172086e+00
    -5.8878412359874455e-01 3.9405543159690182e+00
    1.6241616369074657e-01 5.7807283717947527e+01 7.1665500899915524e-01
    -5.7769522625009500e+01 1.5962582193972355e-01</data></E>
<F type_id="opencv-matrix">
  <rows>3</rows>
  <cols>3</cols>
  <dt>d</dt>
  <data>
    -9.6312795233676055e-06 3.0373777646211146e-03
    -5.4913068971962442e-01 -2.6719321420641839e-03
    -1.1051886551198344e-04 -1.6251910480724796e+01
    4.3066790106557645e-01 1.6233270189794709e+01 9.9999999999999989e-01</data></F>
<R1 type_id="opencv-matrix">
  <rows>3</rows>
  <cols>3</cols>
  <dt>d</dt>
  <data>
    9.9760826440703709e-01 1.2187746391280604e-02
    -6.8038295280532221e-02 -1.2282512115259405e-02
    9.9992409208394073e-01 -9.7466211841919248e-04
    6.8021251700608770e-02 1.8080121704241933e-03 9.9768223418535118e-01</data></R1>
<R2 type_id="opencv-matrix">
  <rows>3</rows>
  <cols>3</cols>
  <dt>d</dt>
  <data>
    9.9700211253288673e-01 1.0366489570905031e-02
    -7.6676746794170081e-02 -1.0259652363320122e-02
    9.9994577135582829e-01 1.7871432458584542e-03 7.6691115119971842e-02
    -9.9510882506125106e-04 9.9705440303931336e-01</data></R2>
<P1>P2</P1>
<Q type_id="opencv-matrix">
  <rows>4</rows>
  <cols>4</cols>
  <dt>d</dt>
  <data>
    1. 0. 0. -3.4368489456176758e+02 0. 1. 0. -2.2117915534973145e+02 0.
    0. 0. 2.9254178137329192e+00 0. 0. 1.7257810732004095e-02 0.</data></Q>
</opencv_storage>
