<?xml version="1.0"?>
<opencv_storage>
<Size>
  480 640</Size>
<C_LEFT type_id="opencv-matrix">
  <rows>3</rows>
  <cols>3</cols>
  <dt>d</dt>
  <data>
    4.3228436285280480e+02 0. 3.4472129267455415e+02 0.
    4.3139594859511072e+02 2.4797865435560246e+02 0. 0. 1.</data></C_LEFT>
<D_LEFT type_id="opencv-matrix">
  <rows>1</rows>
  <cols>5</cols>
  <dt>d</dt>
  <data>
    -4.1880052733658718e-01 2.2732509871876677e-01
    2.4441354832564276e-03 -2.1119099822066946e-05
    -7.2203354978875159e-02</data></D_LEFT>
<C_RIGHT type_id="opencv-matrix">
  <rows>3</rows>
  <cols>3</cols>
  <dt>d</dt>
  <data>
    4.3114155877881154e+02 0. 9.9228343892295800e+02 0.
    4.3065660702834691e+02 2.4749953911948779e+02 0. 0. 1.</data></C_RIGHT>
<D_RIGHT type_id="opencv-matrix">
  <rows>1</rows>
  <cols>5</cols>
  <dt>d</dt>
  <data>
    -4.0256137233909006e-01 1.8479940724191340e-01
    1.8768942423532985e-03 1.0429404877205762e-03
    -4.3738626656682884e-02</data></D_RIGHT>
<R type_id="opencv-matrix">
  <rows>3</rows>
  <cols>3</cols>
  <dt>d</dt>
  <data>
    9.9996734956352396e-01 1.5529869517666151e-03
    -7.9301978808177364e-03 -1.5659221468694348e-03
    9.9999745333093981e-01 -1.6251829019617941e-03
    7.9276537973871752e-03 1.6375479115213012e-03 9.9996723483427519e-01</data></R>
<T type_id="opencv-matrix">
  <rows>3</rows>
  <cols>1</cols>
  <dt>d</dt>
  <data>
    -5.8140615843090544e+01 -6.5816187389868708e-01
    2.4973888093722363e-01</data></T>
</opencv_storage>
