<?xml version="1.0"?>
<opencv_storage>
<Size>
  480 640</Size>
<C_LEFT type_id="opencv-matrix">
  <rows>3</rows>
  <cols>3</cols>
  <dt>d</dt>
  <data>
    4.3228436204479482e+02 0. 3.4472129177609241e+02 0.
    4.3139594768516099e+02 2.4797865304142678e+02 0. 0. 1.</data></C_LEFT>
<D_LEFT type_id="opencv-matrix">
  <rows>1</rows>
  <cols>5</cols>
  <dt>d</dt>
  <data>
    -4.1880053272533901e-01 2.2732511481202192e-01
    2.4441353355615578e-03 -2.1118821221826940e-05
    -7.2203366475846756e-02</data></D_LEFT>
<C_RIGHT type_id="opencv-matrix">
  <rows>3</rows>
  <cols>3</cols>
  <dt>d</dt>
  <data>
    4.3114155579896646e+02 0. 9.9228344120173870e+02 0.
    4.3065660281573196e+02 2.4749953716159737e+02 0. 0. 1.</data></C_RIGHT>
<D_RIGHT type_id="opencv-matrix">
  <rows>1</rows>
  <cols>5</cols>
  <dt>d</dt>
  <data>
    -4.0256136398655407e-01 1.8479938748175617e-01
    1.8768937133800399e-03 1.0429389979083497e-03
    -4.3738616972537427e-02</data></D_RIGHT>
<R type_id="opencv-matrix">
  <rows>3</rows>
  <cols>3</cols>
  <dt>d</dt>
  <data>
    9.9996734951596700e-01 1.5529882121389162e-03
    -7.9302036307311013e-03 -1.5659234110818299e-03
    9.9999745333011103e-01 -1.6251821938062683e-03
    7.9276595463307464e-03 1.6375472223409870e-03 9.9996723478982663e-01</data></R>
<T type_id="opencv-matrix">
  <rows>3</rows>
  <cols>1</cols>
  <dt>d</dt>
  <data>
    -5.8140616156139266e+01 -6.5816166969094358e-01
    2.4973758428294168e-01</data></T>
</opencv_storage>
