<?xml version="1.0"?>
<opencv_storage>
<Size>
  480 640</Size>
<C_LEFT type_id="opencv-matrix">
  <rows>3</rows>
  <cols>3</cols>
  <dt>d</dt>
  <data>
    4.3103288640563329e+02 0. 3.4444557076788527e+02 0.
    4.3103288640563329e+02 2.5050819444460350e+02 0. 0. 1.</data></C_LEFT>
<D_LEFT type_id="opencv-matrix">
  <rows>1</rows>
  <cols>5</cols>
  <dt>d</dt>
  <data>
    -4.1581292193742458e-01 2.1904145534766983e-01
    1.5433787782745147e-03 -2.0200366319080704e-04
    -6.6665846889764430e-02</data></D_LEFT>
<C_RIGHT type_id="opencv-matrix">
  <rows>3</rows>
  <cols>3</cols>
  <dt>d</dt>
  <data>
    4.3076501580224095e+02 0. 9.9297067014866980e+02 0.
    4.3076501580224095e+02 2.4977232766684799e+02 0. 0. 1.</data></C_RIGHT>
<D_RIGHT type_id="opencv-matrix">
  <rows>1</rows>
  <cols>5</cols>
  <dt>d</dt>
  <data>
    -4.0195905755262723e-01 1.8513427172530150e-01
    1.4261198968543724e-03 1.2312958427320496e-03
    -4.3934654995830498e-02</data></D_RIGHT>
<R type_id="opencv-matrix">
  <rows>3</rows>
  <cols>3</cols>
  <dt>d</dt>
  <data>
    9.9993772693175897e-01 1.1121501156534403e-03
    -1.1104295595278790e-02 -1.1293623156104478e-03
    9.9999817045734585e-01 -1.5438985462367402e-03
    1.1102558232549601e-02 1.5563431759239197e-03 9.9993715352346602e-01</data></R>
<T type_id="opencv-matrix">
  <rows>3</rows>
  <cols>1</cols>
  <dt>d</dt>
  <data>
    -5.7996594444971848e+01 -5.8546392240774592e-01
    4.8724982769933173e-01</data></T>
</opencv_storage>
